Lv,STR,DEF,NextExp
1,1,1,10
2,3,3,20
3,6,6,30
4,10,10,60
5,15,15,90
6,21,21,180
7,28,28,360
8,36,36,720
9,45,45,1080
